dname={'cityblock','chebychev', 'correlation', 'cosine', 'euclidean', 'hamming', 'jaccard', 'mahalanobis', 'minkowski', 'seuclidean', 'spearman'};
tmp =
    0.4992    0.5223    0.6453    0.5773    0.6655    8.0027
    0.5170    0.5142    0.8690    0.6461    0.8454    7.9556
    0.5494    0.5389    0.5921    0.5643    0.4920    8.0677
    0.5284    0.5367    0.9219    0.6785    0.9331    8.0236

    0.5235    0.5280    0.7571    0.6165    0.7340    8.0124
distance = cityblock
tmp =
    0.5348    0.5609    0.6000    0.5798    0.5401    9.0538
    0.5365    0.5397    0.6456    0.5879    0.5781    8.9542
    0.4830    0.4820    0.5686    0.5217    0.6013    9.0914
    0.5105    0.5315    0.5969    0.5623    0.5856    8.9512

    0.5162    0.5285    0.6028    0.5629    0.5763    9.0127
distance = chebychev
tmp =
    0.5089    0.5280    0.5296    0.5288    0.5135    5.4823
    0.5478    0.5329    0.5667    0.5493    0.4700    5.6414
    0.5300    0.5670    0.5465    0.5566    0.4894    5.7215
    0.5300    0.5490    0.5728    0.5606    0.5170    5.6801

    0.5292    0.5442    0.5539    0.5488    0.4975    5.6313
distance = correlation
tmp =
    0.5203    0.5228    0.5531    0.5375    0.5131    5.4528
    0.4895    0.5101    0.5466    0.5277    0.5729    5.3915
    0.5397    0.5511    0.6366    0.5908    0.5661    5.6796
    0.5267    0.5434    0.5839    0.5629    0.5356    5.4334

    0.5190    0.5318    0.5800    0.5547    0.5469    5.4894
distance = cosine
tmp =
    0.4959    0.4776    0.6553    0.5525    0.6481   11.9755
    0.5154    0.5086    0.7687    0.6122    0.7355   11.8445
    0.5348    0.5415    0.7982    0.6452    0.7621   11.9905
    0.4895    0.5552    0.5029    0.5277    0.5281   11.8546

    0.5089    0.5207    0.6813    0.5844    0.6684   11.9163
distance = euclidean
tmp =
    0.5219    0.5237    0.9255    0.6689    0.9186    7.0348
    0.5219    0.5152    0.4488    0.4797    0.4076    7.1874
    0.5073    0.5139    0.9219    0.6600    0.9394    7.3456
    0.5105    0.5322    0.7470    0.6216    0.7649    7.1972

    0.5154    0.5213    0.7608    0.6075    0.7576    7.1912
distance = hamming
tmp =
    0.5316    0.5286    0.7357    0.6152    0.6799   19.3995
    0.4992    0.5198    0.7591    0.6171    0.7958   19.5056
    0.4765    0.4769    0.6447    0.5483    0.6869   19.5129
    0.5267    0.5340    0.9245    0.6770    0.9336   19.3467

    0.5085    0.5148    0.7660    0.6144    0.7740   19.4412
distance = jaccard
tmp =
    0.5073    0.5063    0.7806    0.6142    0.7687   12.0678
    0.5122    0.5308    0.7104    0.6076    0.7128   11.9749
    0.5381    0.5356    0.6506    0.5876    0.5770   11.9658
    0.5041    0.5274    0.6177    0.5690    0.6241   11.9654

    0.5154    0.5250    0.6898    0.5946    0.6707   11.9935
distance = minkowski
tmp =
    0.5203    0.5283    0.7000    0.6022    0.6734   13.1439
    0.4814    0.4851    0.6873    0.5687    0.7226   13.4346
    0.5511    0.5489    0.8148    0.6559    0.7406   13.2545
    0.5575    0.5624    0.7331    0.6365    0.6392   13.2796

    0.5276    0.5311    0.7338    0.6158    0.6939   13.2781
distance = seuclidean
tmp =
    0.5413    0.5552    0.6223    0.5869    0.5476    1.0898
    0.5089    0.5015    0.5658    0.5317    0.5463    1.0118
    0.5138    0.5491    0.5392    0.5441    0.5158    1.0133
    0.4911    0.5052    0.6132    0.5540    0.6388    1.0145

    0.5138    0.5277    0.5851    0.5541    0.5621    1.0324
distance = spearman
