MNNB
29k matrix
1    0.5636    0.5648    0.6905    0.6206    0.5709    2.0445
2    0.5843    0.5761    0.6438    0.6072    0.4739    2.0401
3    0.5591    0.5652    0.7377    0.6391    0.6408    2.0078
4    0.5531    0.5509    0.6560    0.5978    0.5518    1.9922
5    0.6276    0.6571    0.5790    0.6155    0.3211    2.0514

13k matrix
1    0.5640    0.5676    0.6561    0.6081    0.5362    0.9008
2    0.5867    0.5807    0.6279    0.6021    0.4528    0.9143
3    0.5632    0.5762    0.6644    0.6170    0.5524    0.9149
4    0.5515    0.5524    0.6145    0.5817    0.5143    0.9031
5    0.6293    0.6754    0.5451    0.6017    0.2797    0.9085

5NN .03<f<.90
1	0.5332    0.5464    0.5808    0.5622    0.5163    1.1151
2	0.5207    0.5187    0.5936    0.5529    0.5521    1.1083
3	0.4809    0.5087    0.5758    0.5395    0.6257    1.1156
4	0.5142    0.5194    0.5966    0.5551    0.5706    1.1163
4	0.5571    0.5716    0.5716    0.5702    0.4576    1.1135

SVM
1	0.5567    0.5738    0.5586    0.5653    0.4449  198.2135
2	0.5316    0.5336    0.4958    0.5134    0.4320  196.7286
3	0.5235    0.5475    0.6028    0.5721    0.5636  193.6814
4	0.5279    0.5386    0.5146    0.5241    0.4543  195.5321
5	0.5965    0.5926    0.6953    0.6396    0.5082  200.4178

250 SVM
1	0.5503    0.5676    0.5520    0.5595    0.4514  460.3220
2       0.5515    0.5469    0.5960    0.5701    0.4928  458.4459
3       0.5417    0.5630    0.6183    0.5882    0.5427  456.0587
4       0.5174    0.5265    0.5165    0.5208    0.4807  445.5655
5       0.5725    0.5769    0.6433    0.6079    0.5021  435.3265

250 5NN
1    0.5183    0.5337    0.5358    0.5330    0.4990   30.5498
2    0.5223    0.5286    0.4172    0.4656    0.3721   31.0620
3    0.5093    0.5360    0.5664    0.5503    0.5541   30.4356
4    0.5085    0.5153    0.5950    0.5491    0.5757   30.9851
5    0.5259    0.5445    0.5248    0.5289    0.4674   30.9648
